866
958
132
477
682
496
771
196
541
57
608
755
651
757
192
431
880
433
488
259
60
35
277
839
71
166
998
287
688
17
422
223
648
298
108
738
759
39
926
774
565
497
751
504
542
926
24
852
971
553
525
475
548
791
268
206
672
990
883
856
967
440
522
412
916
580
992
361
509
313
895
582
552
616
860
648
553
772
616
851
855
840
831
523
312
428
869
485
48
647
155
278
286
542
126
999
388
765
955
56
374
721
616
617
442
969
254
703
26
285
146
965
949
870
32
640
151
697
310
919
538
334
883
369
439
868
398
159
567
41
414
937
190
688
501
685
549
18
103
248
968
435
694
563
482
933
895
653
66
933
91
71
145
61
740
535
390
563
781
511
772
209
740
184
725
375
387
537
26
734
623
443
553
238
655
766
9
446
851
989
457
3
428
696
80
39
361
361
855
680
413
899
775
922
445
820
864
551
995
582
401
681
415
382
875
659
704
459
441
850
686
777
127
881
489
475
72
149
231
314
222
472
97
46
26
216
183
712
280
362
233
872
374
225
80
501
761
919
128
485
605
619
570
439
14
11
990
39
521
290
142
854
505
899
931
811
974
416
235
901
793
320
867
90
816
96
23
79
897
606
938
619
967
19
682
609
515
821
854
631
796
961
485
567
746
667
887
120
602
592
623
363
861
446
648
455
709
112
372
664
670
523
899
880
789
907
705
719
364
228
222
91
597
22
864
68
325
965
203
408
702
110
837
373
186
289
673
339
10
97
544
933
559
956
536
714
304
55
189
694
689
258
2
424
521
926
159
25
640
384
588
792
1000
993
799
730
361
895
581
359
452
425
288
676
28
623
534
89
872
831
377
795
573
519
40
585
109
109
36
817
392
721
127
471
113
840
389
967
505
284
532
979
930
369
447
420
712
144
537
815
469
443
815
660
796
395
821
460
46
195
133
949
813
742
329
36
418
23
75
228
853
259
618
500
215
335
940
841
890
409
714
737
196
401
659
995
735
692
404
326
996
148
991
220
498
317
167
365
213
159
978
778
54
120
737
31
973
263
486
162
76
581
376
199
186
158
406
550
480
50
393
443
564
578
973
353
354
968
593
129
900
773
457
678
17
416
255
155
790
54
521
520
852
978
240
36
266
492
126
218
460
51
280
693
410
765
543
980
342
352
919
905
965
251
734
668
301
101
464
970
54
873
313
246
589
114
459
897
825
480
868
142
777
834
170
508
467
42
184
822
657
35
258
973
519
127
82
235
660
102
778
15
123
363
330
868
258
989
644
431
598
359
893
735
679
90
49
633
34
740
416
659
666
736
654
232
15
786
245
987
508
161
155
261
625
719
536
594
14
904
522
645
629
728
438
375
118
686
37
405
241
907
491
240
842
473
524
558
610
252
391
385
628
848
699
805
181
250
930
18
92
140
72
871
614
705
311
722
101
416
224
662
323
425
130
970
708
632
418
517
711
465
250
455
480
6
987
17
637
373
231
514
265
269
370
198
641
952
105
104
89
333
302
922
928
544
414
575
670
725
505
379
490
496
246
115
904
65
881
318
190
276
106
1
189
846
14
975
23
408
826
682
226
794
906
937
594
786
138
887
469
125
868
680
591
239
368
249
474
653
529
893
759
846
376
258
946
866
730
510
967
960
689
554
244
907
427
998
933
538
879
668
719
458
696
128
664
933
809
750
423
798
307
320
726
458
878
662
105
655
692
31
347
890
773
141
265
289
9
307
674
878
963
616
588
875
476
958
465
772
33
30
615
83
435
442
963
189
174
250
256
184
193
939
176
408
182
990
874
897
252
868
888
65
650
219
402
110
631
32
663
808
581
961
101
656
782
489
162
684
664
231
298
278
646
742
951
167
996
709
483
671
683
594
63
402
360
459
742
140
762
427
293
965
24
936
675
53
167
356
694
167
775
837
174
68
837
972
768
859
627
973
494
264
936
103
281
997
634
189
918
285
248
32
238
587
460
299
335
513
36
231
145
708
292
516
499
136
683
682
439
682
849
697
361
132
483
893
619
963
798
836
18
328
238
37
582
729
61
58
74
576
905
866
198
756
129
731
528
575
244
959
636
779
412
441
20
935
530
254
430
807
160
118
982
935
354
585
584
227
41
29
300
856
720
441
974
174
623
262
172
414
1000
241
139
627
955
418
866
138
869
617
483
483
606
86
791
996
886
68
18
494
816
507
997
549
496
688
307
666
636
44
188
786
112
196
885
673
100
719
840
503
46
439
889
862
103
744
888
689
53
686
460
754
229
616
234
546
569
742
335
931
82
52
768
8
471
660
991
543
506
415
254
829
927
945
266
258
964
565
491
702
387
238
581
494
326
685
647
622
800
528
560
208
692
7
540
979
411
846
951
779
873
718
559
520
947
789
855
651
279
882
690
547
302
348
509
973
335
26
157
949
7
595
466
15
645
325
892
863
86
12
286
906
593
46
956
971
958
401
964
712
645
477
265
584
612
814
959
415
298
739
213
978
900
546
41
708
288
153
879
65
458
844
311
165
999
720
975
336
134
394
484
122
176
281
217
163
842
395
492
484
274
296
924
125
774
568
125
13
548
394
729
340
924
949
492
92
41
539
547
736
717
620
660
943
867
592
820
235
657
681
912
289
955
127
136
621
429
296
235
853
893
55
166
49
221
414
571
853
302
231
631
518
330
400
554
900
714
706
915
642
209
233
938
393
753
679
563
989
71
610
891
254
587
124
182
327
637
636
553
352
938
746
243
256
145
123
364
717
504
346
676
753
469
679
865
888
831
356
483
136
367
110
488
820
52
310
171
856
480
498
468
869
254
844
656
445
337
602
834
147
598
450
690
877
689
132
65
509
296
715
622
459
132
944
401
120
794
246
652
25
248
935
215
410
68
15
19
478
995
148
6
432
2
896
9
120
639
457
415
818
163
106
242
979
965
789
343
919
889
66
973
440
41
800
837
977
278
533
969
347
756
835
732
920
595
405
883
233
464
74
409
120
793
976
934
737
29
339
996
423
80
89
892
755
59
674
188
660
968
86
380
457
657
85
482
678
739
487
340
333
839
412
842
285
494
71
353
678
241
628
316
210
803
832
481
746
404
63
656
377
421
349
950
312
312
141
520
821
472
903
441
863
384
324
295
192
952
857
441
368
25
920
553
321
576
112
437
415
856
728
80
812
174
165
44
193
109
663
968
591
87
653
129
695
398
394
475
706
915
476
12
325
310
182
429
133
866
545
797
550
129
966
407
632
758
898
440
364
528
920
12
388
384
230
814
588
611
115
113
918
294
16
171
55
509
641
459
762
695
956
714
124
605
406
907
328
472
620
686
592
805
566
349
82
474
328
697
436
240
470
863
893
759
265
426
403
716
289
279
131
318
838
635
399
425
613
396
762
573
383
958
19
146
721
424
12
273
227
988
854
876
77
561
70
134
93
25
365
295
162
642
640
576
141
342
475
718
46
85
330
94
708
561
78
416
571
862
999
271
998
498
121
66
94
608
909
893
298
536
517
373
469
427
322
373
482
792
252
567
830
674
210
678
936
101
90
259
142
681
630
82
974
990
552
112
215
885
529
469
917
113
178
37
534
427
379
771
817
334
48
234
524
494
45
599
354
146
338
70
277
30
677
763
928
519
494
709
19
606
33
616
365
644
24
751
204
524
526
221
932
250
480
772
864
120
441
245
474
588
727
780
695
714
750
724
40
940
698
49
141
167
146
127
774
394
726
422
471
68
895
564
203
249
731
856
889
813
628
463
636
995
601
871
494
524
985
265
701
647
420
32
738
739
885
77
323
125
619
31
690
825
635
766
439
260
665
913
865
762
535
720
754
91
915
466
817
817
648
304
147
328
255
195
73
858
606
183
540
553
364
974
756
89
276
274
728
266
468
527
783
190
51
826
624
490
739
904
118
71
307
22
243
445
917
398
208
224
511
736
936
259
963
985
437
944
670
475
470
21
714
864
333
164
766
657
649
335
223
399
652
86
47
484
689
108
381
659
730
172
549
843
212
504
232
270
485
920
423
527
864
882
843
899
68
11
264
392
315
491
719
344
109
269
403
524
998
540
207
160
40
816
458
345
857
356
569
825
522
538
919
271
584
953
25
460
840
945
656
298
577
577
304
927
199
502
814
994
793
872
549
852
971
420
347
541
641
635
589
870
490
4
256
739
680
692
317
77
836
854
352
507
979
842
893
743
558
801
342
794
861
575
252
794
185
102
700
673
910
561
493
659
491
437
576
250
20
6
313
790
919
338
370
373
3
629
706
562
532
245
227
599
448
689
830
631
809
59
251
840
160
297
616
709
484
19
886
298
480
288
154
702
167
87
319
95
26
422
484
291
730
180
172
848
140
984
727
452
391
271
322
603
234
916
636
124
28
992
866
142
109
660
617
516
286
975
97
577
961
425
211
915
935
894
21
569
532
517
308
751
961
706
949
759
964
718
908
684
735
280
68
896
307
180
826
102
875
206
991
852
910
294
265
884
370
154
417
984
508
732
990
224
411
493
842
525
64
515
776
22
348
980
742
809
940
273
21
646
329
391
373
751
738
413
625
913
414
265
331
626
208
676
93
23
38
813
595
434
166
760
431
57
429
423
417
648
205
123
417
996
559
398
512
883
904
471
342
929
197
9
748
823
646
826
955
484
53
867
410
56
309
533
218
883
989
418
559
843
61
594
773
459
651
515
21
608
485
540
500
977
202
971
227
165
710
342
283
320
102
189
946
935
26
636
272
408
77
908
101
313
852
8
482
323
840
26
224
802
623
272
14
917
609
142
413
919
415
907
495
237
814
435
254
661
247
942
227
128
761
830
814
330
46
550
948
952
827
812
487
313
183
872
726
956
407
12
332
220
848
388
711
788
231
154
538
457
24
891
155
993
310
39
453
422
886
569
494
688
638
70
829
812
856
33
56
925
415
951
517
141
544
937
54
847
651
807
263
288
578
107
138
408
533
460
262
956
700
751
21
105
696
848
92
444
426
730
481
527
779
42
182
348
595
869
189
770
119
216
292
631
906
924
832
856
747
712
18
452
628
608
641
720
142
907
179
606
852
95
394
209
782
155
268
449
110
425
264
123
713
947
274
889
446
836
980
299
645
932
978
160
418
434
173
236
690
23
596
290
808
772
161
508
750
540
985
661
465
969
714
149
83
715
463
620
895
168
333
659
628
404
159
751
496
290
610
300
523
964
356
743
110
575
462
754
897
194
887
537
953
833
611
797
395
552
153
405
54
637
736
8
600
250
567
934
458
445
511
528
76
620
93
37
903
829
922
467
62
815
159
68
682
962
884
442
929
120
249
944
221
365
916
337
581
454
612
416
21
364
163
82
619
279
339
839
392
227
888
10
454
82
995
832
715
719
727
906
530
752
721
179
803
350
525
39
63
801
742
249
966
786
310
926
36
483
887
654
334
351
193
314
484
436
28
96
967
477
870
910
611
222
729
344
296
775
710
19
531
790
472
65
551
361
18
771
283
668
126
985
779
407
549
878
972
685
993
699
570
306
454
255
977
398
173
130
25
975
329
372
37
782
126
643
102
409
857
590
542
439
733
887
128
240
226
138
909
441
286
921
577
459
108
601
26
133
28
859
595
224
976
655
471
853
251
363
584
976
23
832
601
228
89
543
610
757
604
103
222
367
160
645
121
910
445
962
36
691
13
272
992
820
311
11
888
926
973
728
593
97
920
635
350
892
217
506
714
153
525
458
873
670
567
117
309
84
780
199
4
276
510
444
515
95
717
315
467
457
626
974
136
428
438
65
764
450
319
984
301
511
953
327
786
388
187
721
214
558
992
44
272
795
356
579
983
744
394
521
130
252
463
414
439
801
754
615
308
853
543
53
783
522
13
397
574
965
416
77
270
648
596
779
137
537
456
115
845
496
80
221
618
936
806
429
265
194
194
667
871
105
402
3
50
7
429
848
488
919
174
846
590
806
815
777
632
579
795
401
770
929
612
740
701
6
848
571
414
918
202
139
538
644
959
141
784
615
836
167
359
317
851
302
724
962
86
263
505
467
611
974
20
198
401
399
290
401
425
239
516
354
380
511
981
586
702
718
155
732
540
654
276
75
405
215
407
907
98
515
303
670
909
182
994
409
529
32
309
692
541
811
241
933
956
959
312
263
378
714
468
4
237
921
913
946
669
788
755
526
296
444
79
837
85
511
529
606
594
422
769
769
971
430
208
868
39
623
918
963
246
399
162
486
138
992
756
335
244
62
677
388
124
898
373
411
999
693
657
196
241
146
438
322
694
858
635
221
870
881
210
185
62
808
865
106
960
674
947
8
261
639
365
464
411
168
453
923
458
366
19
915
777
938
394
47
793
902
689
497
95
163
939
202
200
742
38
283
108
554
984
172
717
309
906
624
550
995
870
409
474
227
463
325
907
954
946
804
219
270
739
858
266
773
580
97
8
227
504
641
728
509
373
30
365
339
111
651
951
447
557
880
224
341
285
465
338
672
765
389
227
542
126
332
373
307
379
715
794
165
361
32
770
257
800
928
811
367
174
248
728
55
159
489
100
651
55
846
186
777
396
874
549
847
827
752
767
899
786
809
156
897
984
851
224
839
739
564
471
67
188
863
18
73
311
807
92
674
906
991
3
813
791
535
742
726
219
395
54
831
843
663
727
571
809
807
514
228
841
918
481
337
549
249
777
916
186
238
415
988
299
849
227
243
192
971
814
740
437
628
329
64
692
707
68
365
935
620
628
293
571
992
839
737
458
241
702
769
824
263
319
813
902
557
887
655
478
508
157
992
975
38
889
309
829
680
366
619
954
44
853
37
838
172
708
582
690
475
96
743
568
301
884
83
336
641
191
543
369
751
688
92
571
449
541
975
334
757
30
879
48
321
975
836
931
792
414
489
758
467
155
854
991
407
565
869
738
640
832
440
719
214
797
792
39
736
196
584
803
59
511
253
725
758
28
841
467
575
340
79
624
429
372
633
963
282
251
576
91
962
648
734
71
615
799
366
382
736
167
505
590
199
840
949
810
721
35
764
81
749
956
884
963
506
68
464
29
981
994
357
990
444
316
497
162
417
574
444
274
197
463
540
146
28
288
926
534
415
50
47
408
377
259
835
622
200
130
232
58
428
675
473
372
640
206
800
186
716
172
761
413
103
337
583
229
109
507
539
63
711
172
496
710
185
744
669
463
840
128
962
302
321
227
139
488
4
243
976
799
808
152
279
774
990
327
671
569
773
191
967
491
273
1
799
571
774
327
831
449
328
207
749
815
881
966
702
986
71
480
580
252
167
424
478
421
306
713
545
837
98
297
236
32
139
459
70
745
958
183
269
211
112
428
922
62
244
473
324
214
343
282
700
37
478
70
898
29
385
206
98
181
647
231
66
235
232
129
638
207
598
380
334
573
803
172
34
544
273
685
828
436
889
840
173
205
566
685
157
508
705
9
458
699
912
210
471
125
939
994
60
56
428
560
845
65
669
935
33
514
183
791
963
369
180
84
614
479
815
847
589
329
853
761
186
563
978
331
958
653
819
75
603
563
478
140
788
315
691
521
861
35
663
229
973
715
565
118
147
356
505
967
447
808
397
597
505
669
318
641
190
120
482
2
96
717
707
198
931
77
98
692
409
928
408
909
973
822
615
389
481
711
787
971
731
76
637
151
117
291
556
147
427
745
659
114
308
456
41
782
83
335
48
812
814
998
669
48
446
705
625
92
279
145
9
623
161
78
938
73
146
55
407
704
106
877
243
905
105
734
894
243
948
881
660
439
650
170
288
424
909
80
53
575
757
366
74
217
580
164
571
13
929
726
361
362
178
230
125
911
298
991
332
196
371
941
894
538
885
411
146
310
218
113
34
748
189
875
434
653
452
74
259
316
268
903
934
24
835
680
784
909
335
964
628
95
294
798
143
937
186
809
636
76
619
964
837
267
684
345
350
387
430
618
66
37
584
968
143
797
646
96
561
537
750
373
633
461
853
758
47
269
696
481
828
292
903
443
533
276
548
787
650
606
29
221
487
199
755
648
510
593
353
686
76
423
52
147
919
152
363
962
380
102
397
697
555
949
171
138
111
271
371
564
639
282
446
55
567
113
218
941
254
830
37
889
469
440
10
355
178
597
858
841
842
883
492
183
645
792
423
278
202
812
393
32
190
71
88
279
183
139
907
324
604
372
789
301
871
682
731
445
874
798
769
171
180
766
517
825
936
346
271
570
65
450
632
494
827
516
203
37
234
210
164
541
51
315
554
798
516
158
643
915
13
419
901
375
477
198
596
550
439
589
452
751
927
727
343
253
299
394
980
212
269
438
896
478
589
631
575
890
608
78
71
186
217
564
797
338
71
331
198
20
898
305
618
307
204
618
736
800
981
451
363
141
371
586
391
984
658
691
307
441
841
415
190
312
135
24
107
923
404
69
762
707
96
507
411
418
320
726
771
349
938
81
393
437
581
229
74
256
824
919
564
962
128
728
982
877
806
759
784
482
612
622
668
759
854
967
808
837
855
475
84
608
93
8
801
813
207
531
434
627
166
887
583
495
721
529
554
335
794
227
435
431
572
728
650
920
671
682
533
284
569
330
42
635
120
872
717
807
8
555
236
907
516
402
236
580
700
587
671
292
308
691
866
579
245
804
398
656
99
108
308
154
928
855
439
579
246
40
775
839
775
884
892
692
2
853
846
665
330
153
749
938
849
358
605
234
190
519
573
493
103
533
936
133
665
524
525
943
304
505
517
328
898
167
325
429
599
475
623
915
631
932
563
495
218
308
691
97
673
524
56
647
281
421
670
588
244
787
977
479
162
410
439
330
387
66
935
918
748
26
267
251
365
445
3
511
352
205
353
690
947
360
124
64
538
934
875
490
437
822
431
618
422
642
845
151
9
811
734
830
224
147
609
669
603
662
999
467
134
682
419
56
162
773
864
903
319
81
810
207
976
444
96
294
253
116
704
875
644
93
842
661
468
395
170
786
967
885
45
687
629
802
281
790
777
491
220
559
23
808
913
85
54
398
966
310
895
719
147
957
335
364
715
115
432
376
994
404
976
279
724
773
612
736
847
123
502
140
575
513
811
552
1
407
225
274
854
199
939
763
63
150
906
680
429
16
630
646
88
32
407
344
80
969
819
837
390
975
169
613
197
586
152
96
360
850
935
175
989
133
140
675
626
769
320
57
666
440
74
868
734
944
440
490
648
104
600
563
449
843
578
145
959
731
880
64
839
399
525
261
263
797
885
475
9
870
231
477
189
902
751
645
944
358
995
595
593
861
486
19
462
204
471
714
516
546
404
330
187
793
855
307
398
426
203
299
966
241
8
141
710
757
154
443
368
699
659
471
394
584
601
840
688
544
835
313
351
697
85
938
195
440
352
429
302
368
976
337
325
966
138
525
180
756
176
947
752
624
219
682
787
20
755
887
821
337
851
480
357
892
805
43
750
454
340
169
14
737
625
270
59
264
201
623
748
600
182
491
578
898
711
977
12
563
235
545
562
588
921
88
840
679
331
303
389
126
811
955
140
473
189
386
205
971
8
265
719
12
438
670
228
459
41
501
365
205
996
259
347
796
950
356
969
95
312
401
88
658
180
814
566
185
568
707
402
55
528
459
123
287
710
233
566
95
717
636
287
65
979
112
341
247
80
460
79
853
676
604
177
952
210
552
698
74
712
198
357
375
819
100
164
940
233
57
860
271
83
112
270
841
512
227
124
106
445
520
489
202
758
866
228
127
635
458
931
426
58
341
989
969
312
982
518
186
65
714
79
583
652
643
318
851
62
450
987
65
330
506
115
317
286
855
606
93
189
435
589
867
299
222
530
735
505
986
708
135
227
324
186
729
999
241
178
82
928
841
889
92
538
541
424
973
140
460
378
234
763
709
1
740
632
624
910
864
290
382
410
844
558
679
775
691
574
12
450
638
992
379
703
742
632
932
406
17
179
124
622
954
870
976
565
358
945
584
587
881
986
452
31
489
780
403
127
879
597
718
802
595
365
976
798
926
867
710
900
236
30
198
14
261
825
449
231
24
797
927
150
702
146
900
679
288
632
874
512
406
958
377
528
597
507
377
173
708
88
739
19
735
505
912
553
881
341
161
998
216
269
424
129
943
195
714
373
949
997
685
221
171
416
738
651
381
257
436
424
33
174
210
368
55
182
66
47
799
417
709
625
355
71
936
24
441
102
494
771
647
113
495
954
515
413
67
431
560
490
303
21
634
489
344
406
136
44
758
452
464
485
385
279
165
763
691
135
224
142
303
154
560
360
122
809
159
597
844
247
452
467
83
674
224
505
664
80
186
278
873
858
221
493
680
495
4
563
976
396
22
86
214
155
102
278
324
491
828
784
115
960
295
139
829
103
646
389
168
189
783
599
496
158
987
599
130
515
180
73
28
287
889
839
284
258
884
585
377
498
716
147
967
489
638
703
513
989
457
483
712
718
651
502
576
910
632
57
290
885
109
479
702
372
699
382
148
582
298
739
680
904
175
604
694
954
25
440
939
354
108
864
466
43
459
14
949
467
154
403
684
95
343
674
903
83
136
739
415
123
136
803
201
151
349
730
335
997
125
190
550
96
609
813
326
655
448
546
379
150
577
424
741
87
405
532
593
910
552
815
155
609
683
463
241
86
224
383
280
751
11
279
450
23
998
964
812
966
575
620
509
807
571
745
875
374
370
254
991
983
277
247
45
447
710
542
800
324
686
165
957
50
243
503
765
951
263
797
186
800
157
147
185
706
225
157
493
896
740
174
242
709
131
762
834
340
367
628
998
358
737
259
709
938
692
5
851
160
228
881
117
680
768
533
666
498
574
982
931
143
57
859
3
726
378
433
133
356
716
255
867
220
96
463
769
937
684
640
397
281
404
459
529
144
99
562
695
199
548
333
810
201
334
244
128
924
883
188
761
510
197
306
802
508
458
39
138
652
646
838
734
823
608
970
733
673
590
293
705
154
519
875
289
932
304
534
313
183
934
543
726
718
214
159
451
162
741
954
923
146
986
6
323
233
30
203
864
834
691
58
22
413
721
956
982
382
947
997
645
489
337
891
662
199
992
149
86
873
108
112
837
385
949
658
755
932
554
382
221
431
986
205
182
281
43
631
497
730
15
999
11
582
707
660
551
152
210
239
7
220
24
886
308
194
185
889
205
291
131
939
493
270
471
580
746
271
355
294
781
959
575
625
62
314
862
506
598
596
144
516
820
632
688
318
2
125
632
903
382
568
77
462
890
827
702
304
621
221
709
67
701
696
919
546
217
897
297
548
511
263
637
804
559
944
815
35
685
167
472
335
316
564
121
91
900
976
141
402
980
371
158
264
317
762
115